{
 "cells": [
  {
   "cell_type": "code",
   "execution_count": 1,
   "metadata": {
    "collapsed": true
   },
   "outputs": [],
   "source": [
    "import matplotlib\n",
    "import matplotlib.pyplot as plt\n",
    "import numpy as np\n",
    "import pandas as pd"
   ]
  },
  {
   "cell_type": "code",
   "execution_count": 12,
   "metadata": {
    "collapsed": false
   },
   "outputs": [],
   "source": [
    "train = pd.read_json('./input/train.json')\n",
    "test = pd.read_json(\"./input/test.json\")\n",
    "\n",
    "from sklearn.model_selection import train_test_split\n",
    "X_train, X_validate, y_train, y_validate = train_test_split(\\\n",
    "    train[['bathrooms', 'bedrooms','price','latitude','longitude']], \\\n",
    "    train[['interest_level']].values, \\\n",
    "    test_size=0.33, random_state=42)\n"
   ]
  },
  {
   "cell_type": "code",
   "execution_count": 13,
   "metadata": {
    "collapsed": true
   },
   "outputs": [],
   "source": [
    "from sklearn import svm\n",
    "clf = svm.SVC(probability=True)"
   ]
  },
  {
   "cell_type": "code",
   "execution_count": 14,
   "metadata": {
    "collapsed": false,
    "scrolled": true
   },
   "outputs": [
    {
     "name": "stderr",
     "output_type": "stream",
     "text": [
      "/home/kevin/anaconda3/lib/python3.5/site-packages/sklearn/utils/validation.py:526: DataConversionWarning: A column-vector y was passed when a 1d array was expected. Please change the shape of y to (n_samples, ), for example using ravel().\n",
      "  y = column_or_1d(y, warn=True)\n"
     ]
    },
    {
     "data": {
      "text/plain": [
       "SVC(C=1.0, cache_size=200, class_weight=None, coef0=0.0,\n",
       "  decision_function_shape=None, degree=3, gamma='auto', kernel='rbf',\n",
       "  max_iter=-1, probability=True, random_state=None, shrinking=True,\n",
       "  tol=0.001, verbose=False)"
      ]
     },
     "execution_count": 14,
     "metadata": {},
     "output_type": "execute_result"
    }
   ],
   "source": [
    "clf.fit(X_train, y_train)"
   ]
  },
  {
   "cell_type": "code",
   "execution_count": 15,
   "metadata": {
    "collapsed": false,
    "scrolled": true
   },
   "outputs": [
    {
     "name": "stdout",
     "output_type": "stream",
     "text": [
      "0.773234774866\n"
     ]
    }
   ],
   "source": [
    "predict_validate = clf.predict_proba(X_validate)\n",
    "from sklearn.metrics import log_loss\n",
    "print(log_loss(y_validate, predict_validate))"
   ]
  },
  {
   "cell_type": "code",
   "execution_count": 17,
   "metadata": {
    "collapsed": false
   },
   "outputs": [],
   "source": [
    "result = clf.predict_proba(test[['bathrooms', 'bedrooms','price','latitude','longitude']])\n",
    "result_frame = pd.DataFrame(result)\n",
    "result_frame.columns = clf.classes_\n",
    "result_frame['listing_id'] = test.listing_id.reset_index().listing_id"
   ]
  },
  {
   "cell_type": "code",
   "execution_count": 18,
   "metadata": {
    "collapsed": false,
    "scrolled": true
   },
   "outputs": [
    {
     "data": {
      "text/html": [
       "<div>\n",
       "<table border=\"1\" class=\"dataframe\">\n",
       "  <thead>\n",
       "    <tr style=\"text-align: right;\">\n",
       "      <th></th>\n",
       "      <th>high</th>\n",
       "      <th>low</th>\n",
       "      <th>medium</th>\n",
       "      <th>listing_id</th>\n",
       "    </tr>\n",
       "  </thead>\n",
       "  <tbody>\n",
       "    <tr>\n",
       "      <th>0</th>\n",
       "      <td>0.067224</td>\n",
       "      <td>0.714475</td>\n",
       "      <td>0.218301</td>\n",
       "      <td>7142618</td>\n",
       "    </tr>\n",
       "    <tr>\n",
       "      <th>1</th>\n",
       "      <td>0.067286</td>\n",
       "      <td>0.714094</td>\n",
       "      <td>0.218620</td>\n",
       "      <td>7210040</td>\n",
       "    </tr>\n",
       "    <tr>\n",
       "      <th>2</th>\n",
       "      <td>0.102393</td>\n",
       "      <td>0.697181</td>\n",
       "      <td>0.200426</td>\n",
       "      <td>7103890</td>\n",
       "    </tr>\n",
       "    <tr>\n",
       "      <th>3</th>\n",
       "      <td>0.067286</td>\n",
       "      <td>0.714372</td>\n",
       "      <td>0.218342</td>\n",
       "      <td>7143442</td>\n",
       "    </tr>\n",
       "    <tr>\n",
       "      <th>4</th>\n",
       "      <td>0.024486</td>\n",
       "      <td>0.749808</td>\n",
       "      <td>0.225705</td>\n",
       "      <td>6860601</td>\n",
       "    </tr>\n",
       "    <tr>\n",
       "      <th>5</th>\n",
       "      <td>0.066758</td>\n",
       "      <td>0.715074</td>\n",
       "      <td>0.218168</td>\n",
       "      <td>6840081</td>\n",
       "    </tr>\n",
       "    <tr>\n",
       "      <th>6</th>\n",
       "      <td>0.067283</td>\n",
       "      <td>0.714438</td>\n",
       "      <td>0.218279</td>\n",
       "      <td>6922337</td>\n",
       "    </tr>\n",
       "    <tr>\n",
       "      <th>7</th>\n",
       "      <td>0.067283</td>\n",
       "      <td>0.714112</td>\n",
       "      <td>0.218605</td>\n",
       "      <td>6913616</td>\n",
       "    </tr>\n",
       "    <tr>\n",
       "      <th>8</th>\n",
       "      <td>0.067304</td>\n",
       "      <td>0.714260</td>\n",
       "      <td>0.218436</td>\n",
       "      <td>6937820</td>\n",
       "    </tr>\n",
       "    <tr>\n",
       "      <th>9</th>\n",
       "      <td>0.067231</td>\n",
       "      <td>0.714484</td>\n",
       "      <td>0.218286</td>\n",
       "      <td>6893933</td>\n",
       "    </tr>\n",
       "    <tr>\n",
       "      <th>10</th>\n",
       "      <td>0.050419</td>\n",
       "      <td>0.728269</td>\n",
       "      <td>0.221312</td>\n",
       "      <td>6832604</td>\n",
       "    </tr>\n",
       "    <tr>\n",
       "      <th>11</th>\n",
       "      <td>0.067251</td>\n",
       "      <td>0.714437</td>\n",
       "      <td>0.218312</td>\n",
       "      <td>6915282</td>\n",
       "    </tr>\n",
       "    <tr>\n",
       "      <th>12</th>\n",
       "      <td>0.065578</td>\n",
       "      <td>0.715747</td>\n",
       "      <td>0.218675</td>\n",
       "      <td>7127565</td>\n",
       "    </tr>\n",
       "    <tr>\n",
       "      <th>13</th>\n",
       "      <td>0.076267</td>\n",
       "      <td>0.710879</td>\n",
       "      <td>0.212854</td>\n",
       "      <td>6827899</td>\n",
       "    </tr>\n",
       "    <tr>\n",
       "      <th>14</th>\n",
       "      <td>0.074823</td>\n",
       "      <td>0.711312</td>\n",
       "      <td>0.213866</td>\n",
       "      <td>6934855</td>\n",
       "    </tr>\n",
       "    <tr>\n",
       "      <th>15</th>\n",
       "      <td>0.064210</td>\n",
       "      <td>0.715524</td>\n",
       "      <td>0.220266</td>\n",
       "      <td>6861826</td>\n",
       "    </tr>\n",
       "    <tr>\n",
       "      <th>16</th>\n",
       "      <td>0.067274</td>\n",
       "      <td>0.714386</td>\n",
       "      <td>0.218340</td>\n",
       "      <td>6871643</td>\n",
       "    </tr>\n",
       "    <tr>\n",
       "      <th>17</th>\n",
       "      <td>0.067979</td>\n",
       "      <td>0.714098</td>\n",
       "      <td>0.217923</td>\n",
       "      <td>6842542</td>\n",
       "    </tr>\n",
       "    <tr>\n",
       "      <th>18</th>\n",
       "      <td>0.065421</td>\n",
       "      <td>0.712009</td>\n",
       "      <td>0.222570</td>\n",
       "      <td>6934145</td>\n",
       "    </tr>\n",
       "    <tr>\n",
       "      <th>19</th>\n",
       "      <td>0.067225</td>\n",
       "      <td>0.714433</td>\n",
       "      <td>0.218342</td>\n",
       "      <td>6829365</td>\n",
       "    </tr>\n",
       "    <tr>\n",
       "      <th>20</th>\n",
       "      <td>0.067253</td>\n",
       "      <td>0.714435</td>\n",
       "      <td>0.218311</td>\n",
       "      <td>7167858</td>\n",
       "    </tr>\n",
       "    <tr>\n",
       "      <th>21</th>\n",
       "      <td>0.067160</td>\n",
       "      <td>0.714504</td>\n",
       "      <td>0.218336</td>\n",
       "      <td>6859483</td>\n",
       "    </tr>\n",
       "    <tr>\n",
       "      <th>22</th>\n",
       "      <td>0.068213</td>\n",
       "      <td>0.714015</td>\n",
       "      <td>0.217772</td>\n",
       "      <td>6861377</td>\n",
       "    </tr>\n",
       "    <tr>\n",
       "      <th>23</th>\n",
       "      <td>0.087098</td>\n",
       "      <td>0.425478</td>\n",
       "      <td>0.487424</td>\n",
       "      <td>6848960</td>\n",
       "    </tr>\n",
       "    <tr>\n",
       "      <th>24</th>\n",
       "      <td>0.067266</td>\n",
       "      <td>0.714378</td>\n",
       "      <td>0.218357</td>\n",
       "      <td>6918850</td>\n",
       "    </tr>\n",
       "    <tr>\n",
       "      <th>25</th>\n",
       "      <td>0.067284</td>\n",
       "      <td>0.714385</td>\n",
       "      <td>0.218332</td>\n",
       "      <td>6916867</td>\n",
       "    </tr>\n",
       "    <tr>\n",
       "      <th>26</th>\n",
       "      <td>0.067268</td>\n",
       "      <td>0.714437</td>\n",
       "      <td>0.218295</td>\n",
       "      <td>6895840</td>\n",
       "    </tr>\n",
       "    <tr>\n",
       "      <th>27</th>\n",
       "      <td>0.118495</td>\n",
       "      <td>0.703373</td>\n",
       "      <td>0.178132</td>\n",
       "      <td>6813539</td>\n",
       "    </tr>\n",
       "    <tr>\n",
       "      <th>28</th>\n",
       "      <td>0.067298</td>\n",
       "      <td>0.714404</td>\n",
       "      <td>0.218298</td>\n",
       "      <td>7116900</td>\n",
       "    </tr>\n",
       "    <tr>\n",
       "      <th>29</th>\n",
       "      <td>0.118717</td>\n",
       "      <td>0.702504</td>\n",
       "      <td>0.178779</td>\n",
       "      <td>6890328</td>\n",
       "    </tr>\n",
       "    <tr>\n",
       "      <th>...</th>\n",
       "      <td>...</td>\n",
       "      <td>...</td>\n",
       "      <td>...</td>\n",
       "      <td>...</td>\n",
       "    </tr>\n",
       "    <tr>\n",
       "      <th>74629</th>\n",
       "      <td>0.067294</td>\n",
       "      <td>0.714400</td>\n",
       "      <td>0.218306</td>\n",
       "      <td>6855560</td>\n",
       "    </tr>\n",
       "    <tr>\n",
       "      <th>74630</th>\n",
       "      <td>0.067280</td>\n",
       "      <td>0.713959</td>\n",
       "      <td>0.218762</td>\n",
       "      <td>6816731</td>\n",
       "    </tr>\n",
       "    <tr>\n",
       "      <th>74631</th>\n",
       "      <td>0.067279</td>\n",
       "      <td>0.714398</td>\n",
       "      <td>0.218323</td>\n",
       "      <td>6925764</td>\n",
       "    </tr>\n",
       "    <tr>\n",
       "      <th>74632</th>\n",
       "      <td>0.067266</td>\n",
       "      <td>0.714377</td>\n",
       "      <td>0.218357</td>\n",
       "      <td>7139280</td>\n",
       "    </tr>\n",
       "    <tr>\n",
       "      <th>74633</th>\n",
       "      <td>0.067232</td>\n",
       "      <td>0.714497</td>\n",
       "      <td>0.218271</td>\n",
       "      <td>6913068</td>\n",
       "    </tr>\n",
       "    <tr>\n",
       "      <th>74634</th>\n",
       "      <td>0.067230</td>\n",
       "      <td>0.714479</td>\n",
       "      <td>0.218291</td>\n",
       "      <td>6828445</td>\n",
       "    </tr>\n",
       "    <tr>\n",
       "      <th>74635</th>\n",
       "      <td>0.068884</td>\n",
       "      <td>0.714272</td>\n",
       "      <td>0.216844</td>\n",
       "      <td>6867865</td>\n",
       "    </tr>\n",
       "    <tr>\n",
       "      <th>74636</th>\n",
       "      <td>0.066362</td>\n",
       "      <td>0.715382</td>\n",
       "      <td>0.218257</td>\n",
       "      <td>6820397</td>\n",
       "    </tr>\n",
       "    <tr>\n",
       "      <th>74637</th>\n",
       "      <td>0.067535</td>\n",
       "      <td>0.712811</td>\n",
       "      <td>0.219654</td>\n",
       "      <td>6852197</td>\n",
       "    </tr>\n",
       "    <tr>\n",
       "      <th>74638</th>\n",
       "      <td>0.067264</td>\n",
       "      <td>0.714448</td>\n",
       "      <td>0.218289</td>\n",
       "      <td>7122934</td>\n",
       "    </tr>\n",
       "    <tr>\n",
       "      <th>74639</th>\n",
       "      <td>0.071005</td>\n",
       "      <td>0.712770</td>\n",
       "      <td>0.216225</td>\n",
       "      <td>6907838</td>\n",
       "    </tr>\n",
       "    <tr>\n",
       "      <th>74640</th>\n",
       "      <td>0.068341</td>\n",
       "      <td>0.714014</td>\n",
       "      <td>0.217646</td>\n",
       "      <td>6865896</td>\n",
       "    </tr>\n",
       "    <tr>\n",
       "      <th>74641</th>\n",
       "      <td>0.067770</td>\n",
       "      <td>0.714129</td>\n",
       "      <td>0.218101</td>\n",
       "      <td>6840250</td>\n",
       "    </tr>\n",
       "    <tr>\n",
       "      <th>74642</th>\n",
       "      <td>0.067252</td>\n",
       "      <td>0.714437</td>\n",
       "      <td>0.218311</td>\n",
       "      <td>6926011</td>\n",
       "    </tr>\n",
       "    <tr>\n",
       "      <th>74643</th>\n",
       "      <td>0.067251</td>\n",
       "      <td>0.714489</td>\n",
       "      <td>0.218259</td>\n",
       "      <td>6893100</td>\n",
       "    </tr>\n",
       "    <tr>\n",
       "      <th>74644</th>\n",
       "      <td>0.066898</td>\n",
       "      <td>0.714811</td>\n",
       "      <td>0.218291</td>\n",
       "      <td>6867538</td>\n",
       "    </tr>\n",
       "    <tr>\n",
       "      <th>74645</th>\n",
       "      <td>0.067368</td>\n",
       "      <td>0.713393</td>\n",
       "      <td>0.219239</td>\n",
       "      <td>6884360</td>\n",
       "    </tr>\n",
       "    <tr>\n",
       "      <th>74646</th>\n",
       "      <td>0.067224</td>\n",
       "      <td>0.714479</td>\n",
       "      <td>0.218297</td>\n",
       "      <td>6903964</td>\n",
       "    </tr>\n",
       "    <tr>\n",
       "      <th>74647</th>\n",
       "      <td>0.067258</td>\n",
       "      <td>0.714403</td>\n",
       "      <td>0.218338</td>\n",
       "      <td>6907851</td>\n",
       "    </tr>\n",
       "    <tr>\n",
       "      <th>74648</th>\n",
       "      <td>0.067222</td>\n",
       "      <td>0.714505</td>\n",
       "      <td>0.218273</td>\n",
       "      <td>7211166</td>\n",
       "    </tr>\n",
       "    <tr>\n",
       "      <th>74649</th>\n",
       "      <td>0.067241</td>\n",
       "      <td>0.714327</td>\n",
       "      <td>0.218433</td>\n",
       "      <td>6844290</td>\n",
       "    </tr>\n",
       "    <tr>\n",
       "      <th>74650</th>\n",
       "      <td>0.067299</td>\n",
       "      <td>0.714284</td>\n",
       "      <td>0.218417</td>\n",
       "      <td>6947597</td>\n",
       "    </tr>\n",
       "    <tr>\n",
       "      <th>74651</th>\n",
       "      <td>0.066236</td>\n",
       "      <td>0.715421</td>\n",
       "      <td>0.218343</td>\n",
       "      <td>6895423</td>\n",
       "    </tr>\n",
       "    <tr>\n",
       "      <th>74652</th>\n",
       "      <td>0.067272</td>\n",
       "      <td>0.714308</td>\n",
       "      <td>0.218420</td>\n",
       "      <td>6812077</td>\n",
       "    </tr>\n",
       "    <tr>\n",
       "      <th>74653</th>\n",
       "      <td>0.067302</td>\n",
       "      <td>0.714419</td>\n",
       "      <td>0.218278</td>\n",
       "      <td>6903956</td>\n",
       "    </tr>\n",
       "    <tr>\n",
       "      <th>74654</th>\n",
       "      <td>0.075697</td>\n",
       "      <td>0.604352</td>\n",
       "      <td>0.319951</td>\n",
       "      <td>6881005</td>\n",
       "    </tr>\n",
       "    <tr>\n",
       "      <th>74655</th>\n",
       "      <td>0.068846</td>\n",
       "      <td>0.710533</td>\n",
       "      <td>0.220621</td>\n",
       "      <td>6835379</td>\n",
       "    </tr>\n",
       "    <tr>\n",
       "      <th>74656</th>\n",
       "      <td>0.067258</td>\n",
       "      <td>0.714430</td>\n",
       "      <td>0.218312</td>\n",
       "      <td>6882352</td>\n",
       "    </tr>\n",
       "    <tr>\n",
       "      <th>74657</th>\n",
       "      <td>0.067401</td>\n",
       "      <td>0.713790</td>\n",
       "      <td>0.218809</td>\n",
       "      <td>6884758</td>\n",
       "    </tr>\n",
       "    <tr>\n",
       "      <th>74658</th>\n",
       "      <td>0.067160</td>\n",
       "      <td>0.714416</td>\n",
       "      <td>0.218424</td>\n",
       "      <td>6924212</td>\n",
       "    </tr>\n",
       "  </tbody>\n",
       "</table>\n",
       "<p>74659 rows × 4 columns</p>\n",
       "</div>"
      ],
      "text/plain": [
       "           high       low    medium  listing_id\n",
       "0      0.067224  0.714475  0.218301     7142618\n",
       "1      0.067286  0.714094  0.218620     7210040\n",
       "2      0.102393  0.697181  0.200426     7103890\n",
       "3      0.067286  0.714372  0.218342     7143442\n",
       "4      0.024486  0.749808  0.225705     6860601\n",
       "5      0.066758  0.715074  0.218168     6840081\n",
       "6      0.067283  0.714438  0.218279     6922337\n",
       "7      0.067283  0.714112  0.218605     6913616\n",
       "8      0.067304  0.714260  0.218436     6937820\n",
       "9      0.067231  0.714484  0.218286     6893933\n",
       "10     0.050419  0.728269  0.221312     6832604\n",
       "11     0.067251  0.714437  0.218312     6915282\n",
       "12     0.065578  0.715747  0.218675     7127565\n",
       "13     0.076267  0.710879  0.212854     6827899\n",
       "14     0.074823  0.711312  0.213866     6934855\n",
       "15     0.064210  0.715524  0.220266     6861826\n",
       "16     0.067274  0.714386  0.218340     6871643\n",
       "17     0.067979  0.714098  0.217923     6842542\n",
       "18     0.065421  0.712009  0.222570     6934145\n",
       "19     0.067225  0.714433  0.218342     6829365\n",
       "20     0.067253  0.714435  0.218311     7167858\n",
       "21     0.067160  0.714504  0.218336     6859483\n",
       "22     0.068213  0.714015  0.217772     6861377\n",
       "23     0.087098  0.425478  0.487424     6848960\n",
       "24     0.067266  0.714378  0.218357     6918850\n",
       "25     0.067284  0.714385  0.218332     6916867\n",
       "26     0.067268  0.714437  0.218295     6895840\n",
       "27     0.118495  0.703373  0.178132     6813539\n",
       "28     0.067298  0.714404  0.218298     7116900\n",
       "29     0.118717  0.702504  0.178779     6890328\n",
       "...         ...       ...       ...         ...\n",
       "74629  0.067294  0.714400  0.218306     6855560\n",
       "74630  0.067280  0.713959  0.218762     6816731\n",
       "74631  0.067279  0.714398  0.218323     6925764\n",
       "74632  0.067266  0.714377  0.218357     7139280\n",
       "74633  0.067232  0.714497  0.218271     6913068\n",
       "74634  0.067230  0.714479  0.218291     6828445\n",
       "74635  0.068884  0.714272  0.216844     6867865\n",
       "74636  0.066362  0.715382  0.218257     6820397\n",
       "74637  0.067535  0.712811  0.219654     6852197\n",
       "74638  0.067264  0.714448  0.218289     7122934\n",
       "74639  0.071005  0.712770  0.216225     6907838\n",
       "74640  0.068341  0.714014  0.217646     6865896\n",
       "74641  0.067770  0.714129  0.218101     6840250\n",
       "74642  0.067252  0.714437  0.218311     6926011\n",
       "74643  0.067251  0.714489  0.218259     6893100\n",
       "74644  0.066898  0.714811  0.218291     6867538\n",
       "74645  0.067368  0.713393  0.219239     6884360\n",
       "74646  0.067224  0.714479  0.218297     6903964\n",
       "74647  0.067258  0.714403  0.218338     6907851\n",
       "74648  0.067222  0.714505  0.218273     7211166\n",
       "74649  0.067241  0.714327  0.218433     6844290\n",
       "74650  0.067299  0.714284  0.218417     6947597\n",
       "74651  0.066236  0.715421  0.218343     6895423\n",
       "74652  0.067272  0.714308  0.218420     6812077\n",
       "74653  0.067302  0.714419  0.218278     6903956\n",
       "74654  0.075697  0.604352  0.319951     6881005\n",
       "74655  0.068846  0.710533  0.220621     6835379\n",
       "74656  0.067258  0.714430  0.218312     6882352\n",
       "74657  0.067401  0.713790  0.218809     6884758\n",
       "74658  0.067160  0.714416  0.218424     6924212\n",
       "\n",
       "[74659 rows x 4 columns]"
      ]
     },
     "execution_count": 18,
     "metadata": {},
     "output_type": "execute_result"
    }
   ],
   "source": [
    "result_frame"
   ]
  },
  {
   "cell_type": "code",
   "execution_count": 19,
   "metadata": {
    "collapsed": false,
    "scrolled": true
   },
   "outputs": [],
   "source": [
    "result_frame[['listing_id','high','medium','low']].to_csv('result.csv', \\\n",
    "                                                          index = False)"
   ]
  },
  {
   "cell_type": "markdown",
   "metadata": {},
   "source": [
    "Submission result: 0.77"
   ]
  }
 ],
 "metadata": {
  "anaconda-cloud": {},
  "kernelspec": {
   "display_name": "Python [Root]",
   "language": "python",
   "name": "Python [Root]"
  },
  "language_info": {
   "codemirror_mode": {
    "name": "ipython",
    "version": 3
   },
   "file_extension": ".py",
   "mimetype": "text/x-python",
   "name": "python",
   "nbconvert_exporter": "python",
   "pygments_lexer": "ipython3",
   "version": "3.5.2"
  }
 },
 "nbformat": 4,
 "nbformat_minor": 0
}
