{
 "cells": [
  {
   "cell_type": "code",
   "execution_count": 1,
   "metadata": {
    "collapsed": false,
    "scrolled": true
   },
   "outputs": [
    {
     "name": "stderr",
     "output_type": "stream",
     "text": [
      "/home/kevin/anaconda3/lib/python3.5/site-packages/sklearn/cross_validation.py:44: DeprecationWarning: This module was deprecated in version 0.18 in favor of the model_selection module into which all the refactored classes and functions are moved. Also note that the interface of the new CV iterators are different from that of this module. This module will be removed in 0.20.\n",
      "  \"This module will be removed in 0.20.\", DeprecationWarning)\n"
     ]
    }
   ],
   "source": [
    "import xgboost as xgb\n",
    "import matplotlib\n",
    "import matplotlib.pyplot as plt\n",
    "import numpy as np\n",
    "import pandas as pd"
   ]
  },
  {
   "cell_type": "code",
   "execution_count": 2,
   "metadata": {
    "collapsed": true
   },
   "outputs": [],
   "source": [
    "train = pd.read_json('./input/train.json')\n",
    "test = pd.read_json(\"./input/test.json\")\n",
    "\n",
    "from sklearn.model_selection import train_test_split\n",
    "X_train, X_validate, y_train, y_validate = train_test_split(\\\n",
    "    train[['bathrooms', 'bedrooms','price','latitude','longitude']], \\\n",
    "    train[['interest_level']].values, \\\n",
    "    test_size=0.33, random_state=42)"
   ]
  },
  {
   "cell_type": "code",
   "execution_count": 3,
   "metadata": {
    "collapsed": false
   },
   "outputs": [],
   "source": [
    "from sklearn import preprocessing\n",
    "le = preprocessing.LabelEncoder()\n",
    "le.fit(y_train[:,0])\n",
    "y_train_encoded = le.transform(y_train[:,0])\n",
    "y_validate_encoded = le.transform(y_validate[:,0])"
   ]
  },
  {
   "cell_type": "code",
   "execution_count": 4,
   "metadata": {
    "collapsed": false,
    "scrolled": true
   },
   "outputs": [],
   "source": [
    "dtrain = xgb.DMatrix(X_train, label=y_train_encoded)"
   ]
  },
  {
   "cell_type": "code",
   "execution_count": 5,
   "metadata": {
    "collapsed": true
   },
   "outputs": [],
   "source": [
    "dvalidate = xgb.DMatrix(X_validate, label=y_validate_encoded)"
   ]
  },
  {
   "cell_type": "code",
   "execution_count": 6,
   "metadata": {
    "collapsed": false
   },
   "outputs": [],
   "source": [
    "evallist  = [(dvalidate,'eval'), (dtrain,'train')]"
   ]
  },
  {
   "cell_type": "code",
   "execution_count": 7,
   "metadata": {
    "collapsed": false,
    "scrolled": true
   },
   "outputs": [
    {
     "name": "stdout",
     "output_type": "stream",
     "text": [
      "[0]\teval-merror:0.300731\ttrain-merror:0.288402\n",
      "[1]\teval-merror:0.298275\ttrain-merror:0.28568\n",
      "[2]\teval-merror:0.29809\ttrain-merror:0.284772\n",
      "[3]\teval-merror:0.299257\ttrain-merror:0.285438\n",
      "[4]\teval-merror:0.297722\ttrain-merror:0.284863\n",
      "[5]\teval-merror:0.29588\ttrain-merror:0.283623\n",
      "[6]\teval-merror:0.295635\ttrain-merror:0.283109\n",
      "[7]\teval-merror:0.294775\ttrain-merror:0.282232\n",
      "[8]\teval-merror:0.293731\ttrain-merror:0.28075\n",
      "[9]\teval-merror:0.293179\ttrain-merror:0.279903\n",
      "[10]\teval-merror:0.29281\ttrain-merror:0.279087\n",
      "[11]\teval-merror:0.292933\ttrain-merror:0.278693\n",
      "[12]\teval-merror:0.292749\ttrain-merror:0.278331\n",
      "[13]\teval-merror:0.293056\ttrain-merror:0.277574\n",
      "[14]\teval-merror:0.292196\ttrain-merror:0.276425\n",
      "[15]\teval-merror:0.293056\ttrain-merror:0.276032\n",
      "[16]\teval-merror:0.292687\ttrain-merror:0.275034\n",
      "[17]\teval-merror:0.292135\ttrain-merror:0.273643\n",
      "[18]\teval-merror:0.291705\ttrain-merror:0.273038\n",
      "[19]\teval-merror:0.291766\ttrain-merror:0.272433\n",
      "[20]\teval-merror:0.291214\ttrain-merror:0.271919\n",
      "[21]\teval-merror:0.290661\ttrain-merror:0.271012\n",
      "[22]\teval-merror:0.29103\ttrain-merror:0.270467\n",
      "[23]\teval-merror:0.291521\ttrain-merror:0.269711\n",
      "[24]\teval-merror:0.291951\ttrain-merror:0.269409\n",
      "[25]\teval-merror:0.291951\ttrain-merror:0.268683\n",
      "[26]\teval-merror:0.291459\ttrain-merror:0.26829\n",
      "[27]\teval-merror:0.290968\ttrain-merror:0.267655\n",
      "[28]\teval-merror:0.290723\ttrain-merror:0.266596\n",
      "[29]\teval-merror:0.290845\ttrain-merror:0.2659\n",
      "[30]\teval-merror:0.291521\ttrain-merror:0.265447\n",
      "[31]\teval-merror:0.291214\ttrain-merror:0.264449\n",
      "[32]\teval-merror:0.291275\ttrain-merror:0.262543\n",
      "[33]\teval-merror:0.290968\ttrain-merror:0.262029\n",
      "[34]\teval-merror:0.290845\ttrain-merror:0.261031\n",
      "[35]\teval-merror:0.290723\ttrain-merror:0.26085\n",
      "[36]\teval-merror:0.290477\ttrain-merror:0.260578\n",
      "[37]\teval-merror:0.290784\ttrain-merror:0.260154\n",
      "[38]\teval-merror:0.291337\ttrain-merror:0.259247\n",
      "[39]\teval-merror:0.291275\ttrain-merror:0.259156\n",
      "[40]\teval-merror:0.290723\ttrain-merror:0.25834\n",
      "[41]\teval-merror:0.290723\ttrain-merror:0.257825\n",
      "[42]\teval-merror:0.290661\ttrain-merror:0.257251\n",
      "[43]\teval-merror:0.290968\ttrain-merror:0.256979\n",
      "[44]\teval-merror:0.290538\ttrain-merror:0.256706\n",
      "[45]\teval-merror:0.290784\ttrain-merror:0.256313\n",
      "[46]\teval-merror:0.290231\ttrain-merror:0.255739\n",
      "[47]\teval-merror:0.289495\ttrain-merror:0.255285\n",
      "[48]\teval-merror:0.289495\ttrain-merror:0.254771\n",
      "[49]\teval-merror:0.289802\ttrain-merror:0.254529\n",
      "[50]\teval-merror:0.28974\ttrain-merror:0.254045\n",
      "[51]\teval-merror:0.290416\ttrain-merror:0.253501\n",
      "[52]\teval-merror:0.290109\ttrain-merror:0.252926\n",
      "[53]\teval-merror:0.289986\ttrain-merror:0.252412\n",
      "[54]\teval-merror:0.289249\ttrain-merror:0.251202\n",
      "[55]\teval-merror:0.289188\ttrain-merror:0.250113\n",
      "[56]\teval-merror:0.289188\ttrain-merror:0.250083\n",
      "[57]\teval-merror:0.289065\ttrain-merror:0.24975\n",
      "[58]\teval-merror:0.28931\ttrain-merror:0.248964\n",
      "[59]\teval-merror:0.289556\ttrain-merror:0.24845\n",
      "[60]\teval-merror:0.289802\ttrain-merror:0.247633\n",
      "[61]\teval-merror:0.28974\ttrain-merror:0.247059\n",
      "[62]\teval-merror:0.289924\ttrain-merror:0.246696\n",
      "[63]\teval-merror:0.289986\ttrain-merror:0.246393\n",
      "[64]\teval-merror:0.28974\ttrain-merror:0.245819\n",
      "[65]\teval-merror:0.289433\ttrain-merror:0.245637\n",
      "[66]\teval-merror:0.29017\ttrain-merror:0.245033\n",
      "[67]\teval-merror:0.290109\ttrain-merror:0.244821\n",
      "[68]\teval-merror:0.290293\ttrain-merror:0.244458\n",
      "[69]\teval-merror:0.290477\ttrain-merror:0.244307\n"
     ]
    }
   ],
   "source": [
    "param = {'bst:max_depth':6, \\\n",
    "         'bst:eta':0.3, \\\n",
    "         'silent':1,\n",
    "         'objective':'multi:softprob',\n",
    "         'num_class':3}\n",
    "\n",
    "num_round = 70\n",
    "bst = xgb.train(param, dtrain, num_round, evallist )"
   ]
  },
  {
   "cell_type": "code",
   "execution_count": 8,
   "metadata": {
    "collapsed": true
   },
   "outputs": [],
   "source": [
    "predict_validate = bst.predict(dvalidate)"
   ]
  },
  {
   "cell_type": "code",
   "execution_count": 9,
   "metadata": {
    "collapsed": false
   },
   "outputs": [
    {
     "name": "stdout",
     "output_type": "stream",
     "text": [
      "0.65806997973\n"
     ]
    }
   ],
   "source": [
    "from sklearn.metrics import log_loss\n",
    "print(log_loss(y_validate, predict_validate))"
   ]
  },
  {
   "cell_type": "code",
   "execution_count": 10,
   "metadata": {
    "collapsed": true
   },
   "outputs": [],
   "source": [
    "dtest = xgb.DMatrix(test[['bathrooms', 'bedrooms','price','latitude','longitude']])\n",
    "test_predict = bst.predict(dtest)"
   ]
  },
  {
   "cell_type": "code",
   "execution_count": 11,
   "metadata": {
    "collapsed": false
   },
   "outputs": [
    {
     "data": {
      "text/plain": [
       "array([[ 0.02696094,  0.67625225,  0.29678684],\n",
       "       [ 0.3333098 ,  0.32053104,  0.34615916],\n",
       "       [ 0.01207564,  0.86215872,  0.12576565],\n",
       "       ..., \n",
       "       [ 0.1124459 ,  0.65860081,  0.22895329],\n",
       "       [ 0.21451271,  0.36508676,  0.42040053],\n",
       "       [ 0.03242121,  0.7406857 ,  0.22689304]], dtype=float32)"
      ]
     },
     "execution_count": 11,
     "metadata": {},
     "output_type": "execute_result"
    }
   ],
   "source": [
    "test_predict"
   ]
  },
  {
   "cell_type": "code",
   "execution_count": 12,
   "metadata": {
    "collapsed": false,
    "scrolled": true
   },
   "outputs": [
    {
     "data": {
      "text/html": [
       "<div>\n",
       "<table border=\"1\" class=\"dataframe\">\n",
       "  <thead>\n",
       "    <tr style=\"text-align: right;\">\n",
       "      <th></th>\n",
       "      <th>high</th>\n",
       "      <th>low</th>\n",
       "      <th>medium</th>\n",
       "      <th>listing_id</th>\n",
       "    </tr>\n",
       "  </thead>\n",
       "  <tbody>\n",
       "    <tr>\n",
       "      <th>0</th>\n",
       "      <td>0.026961</td>\n",
       "      <td>0.676252</td>\n",
       "      <td>0.296787</td>\n",
       "      <td>7142618</td>\n",
       "    </tr>\n",
       "    <tr>\n",
       "      <th>1</th>\n",
       "      <td>0.333310</td>\n",
       "      <td>0.320531</td>\n",
       "      <td>0.346159</td>\n",
       "      <td>7210040</td>\n",
       "    </tr>\n",
       "    <tr>\n",
       "      <th>2</th>\n",
       "      <td>0.012076</td>\n",
       "      <td>0.862159</td>\n",
       "      <td>0.125766</td>\n",
       "      <td>7103890</td>\n",
       "    </tr>\n",
       "    <tr>\n",
       "      <th>3</th>\n",
       "      <td>0.028167</td>\n",
       "      <td>0.795567</td>\n",
       "      <td>0.176267</td>\n",
       "      <td>7143442</td>\n",
       "    </tr>\n",
       "    <tr>\n",
       "      <th>4</th>\n",
       "      <td>0.011822</td>\n",
       "      <td>0.908928</td>\n",
       "      <td>0.079250</td>\n",
       "      <td>6860601</td>\n",
       "    </tr>\n",
       "    <tr>\n",
       "      <th>5</th>\n",
       "      <td>0.000600</td>\n",
       "      <td>0.972590</td>\n",
       "      <td>0.026811</td>\n",
       "      <td>6840081</td>\n",
       "    </tr>\n",
       "    <tr>\n",
       "      <th>6</th>\n",
       "      <td>0.152640</td>\n",
       "      <td>0.570057</td>\n",
       "      <td>0.277303</td>\n",
       "      <td>6922337</td>\n",
       "    </tr>\n",
       "    <tr>\n",
       "      <th>7</th>\n",
       "      <td>0.170513</td>\n",
       "      <td>0.424610</td>\n",
       "      <td>0.404877</td>\n",
       "      <td>6913616</td>\n",
       "    </tr>\n",
       "    <tr>\n",
       "      <th>8</th>\n",
       "      <td>0.147630</td>\n",
       "      <td>0.443885</td>\n",
       "      <td>0.408485</td>\n",
       "      <td>6937820</td>\n",
       "    </tr>\n",
       "    <tr>\n",
       "      <th>9</th>\n",
       "      <td>0.082166</td>\n",
       "      <td>0.675339</td>\n",
       "      <td>0.242495</td>\n",
       "      <td>6893933</td>\n",
       "    </tr>\n",
       "    <tr>\n",
       "      <th>10</th>\n",
       "      <td>0.006843</td>\n",
       "      <td>0.962647</td>\n",
       "      <td>0.030510</td>\n",
       "      <td>6832604</td>\n",
       "    </tr>\n",
       "    <tr>\n",
       "      <th>11</th>\n",
       "      <td>0.072051</td>\n",
       "      <td>0.705456</td>\n",
       "      <td>0.222493</td>\n",
       "      <td>6915282</td>\n",
       "    </tr>\n",
       "    <tr>\n",
       "      <th>12</th>\n",
       "      <td>0.012235</td>\n",
       "      <td>0.877122</td>\n",
       "      <td>0.110643</td>\n",
       "      <td>7127565</td>\n",
       "    </tr>\n",
       "    <tr>\n",
       "      <th>13</th>\n",
       "      <td>0.102691</td>\n",
       "      <td>0.656363</td>\n",
       "      <td>0.240946</td>\n",
       "      <td>6827899</td>\n",
       "    </tr>\n",
       "    <tr>\n",
       "      <th>14</th>\n",
       "      <td>0.057036</td>\n",
       "      <td>0.552665</td>\n",
       "      <td>0.390298</td>\n",
       "      <td>6934855</td>\n",
       "    </tr>\n",
       "    <tr>\n",
       "      <th>15</th>\n",
       "      <td>0.018227</td>\n",
       "      <td>0.791767</td>\n",
       "      <td>0.190005</td>\n",
       "      <td>6861826</td>\n",
       "    </tr>\n",
       "    <tr>\n",
       "      <th>16</th>\n",
       "      <td>0.054048</td>\n",
       "      <td>0.675883</td>\n",
       "      <td>0.270070</td>\n",
       "      <td>6871643</td>\n",
       "    </tr>\n",
       "    <tr>\n",
       "      <th>17</th>\n",
       "      <td>0.000907</td>\n",
       "      <td>0.970621</td>\n",
       "      <td>0.028472</td>\n",
       "      <td>6842542</td>\n",
       "    </tr>\n",
       "    <tr>\n",
       "      <th>18</th>\n",
       "      <td>0.008802</td>\n",
       "      <td>0.929879</td>\n",
       "      <td>0.061319</td>\n",
       "      <td>6934145</td>\n",
       "    </tr>\n",
       "    <tr>\n",
       "      <th>19</th>\n",
       "      <td>0.294756</td>\n",
       "      <td>0.325197</td>\n",
       "      <td>0.380047</td>\n",
       "      <td>6829365</td>\n",
       "    </tr>\n",
       "    <tr>\n",
       "      <th>20</th>\n",
       "      <td>0.084878</td>\n",
       "      <td>0.665163</td>\n",
       "      <td>0.249959</td>\n",
       "      <td>7167858</td>\n",
       "    </tr>\n",
       "    <tr>\n",
       "      <th>21</th>\n",
       "      <td>0.057026</td>\n",
       "      <td>0.706141</td>\n",
       "      <td>0.236834</td>\n",
       "      <td>6859483</td>\n",
       "    </tr>\n",
       "    <tr>\n",
       "      <th>22</th>\n",
       "      <td>0.151970</td>\n",
       "      <td>0.540778</td>\n",
       "      <td>0.307252</td>\n",
       "      <td>6861377</td>\n",
       "    </tr>\n",
       "    <tr>\n",
       "      <th>23</th>\n",
       "      <td>0.056097</td>\n",
       "      <td>0.716783</td>\n",
       "      <td>0.227120</td>\n",
       "      <td>6848960</td>\n",
       "    </tr>\n",
       "    <tr>\n",
       "      <th>24</th>\n",
       "      <td>0.025359</td>\n",
       "      <td>0.756900</td>\n",
       "      <td>0.217741</td>\n",
       "      <td>6918850</td>\n",
       "    </tr>\n",
       "    <tr>\n",
       "      <th>25</th>\n",
       "      <td>0.163842</td>\n",
       "      <td>0.492739</td>\n",
       "      <td>0.343419</td>\n",
       "      <td>6916867</td>\n",
       "    </tr>\n",
       "    <tr>\n",
       "      <th>26</th>\n",
       "      <td>0.008984</td>\n",
       "      <td>0.842256</td>\n",
       "      <td>0.148760</td>\n",
       "      <td>6895840</td>\n",
       "    </tr>\n",
       "    <tr>\n",
       "      <th>27</th>\n",
       "      <td>0.454306</td>\n",
       "      <td>0.235056</td>\n",
       "      <td>0.310638</td>\n",
       "      <td>6813539</td>\n",
       "    </tr>\n",
       "    <tr>\n",
       "      <th>28</th>\n",
       "      <td>0.022778</td>\n",
       "      <td>0.810992</td>\n",
       "      <td>0.166230</td>\n",
       "      <td>7116900</td>\n",
       "    </tr>\n",
       "    <tr>\n",
       "      <th>29</th>\n",
       "      <td>0.445164</td>\n",
       "      <td>0.275597</td>\n",
       "      <td>0.279239</td>\n",
       "      <td>6890328</td>\n",
       "    </tr>\n",
       "    <tr>\n",
       "      <th>...</th>\n",
       "      <td>...</td>\n",
       "      <td>...</td>\n",
       "      <td>...</td>\n",
       "      <td>...</td>\n",
       "    </tr>\n",
       "    <tr>\n",
       "      <th>74629</th>\n",
       "      <td>0.116858</td>\n",
       "      <td>0.395750</td>\n",
       "      <td>0.487392</td>\n",
       "      <td>6855560</td>\n",
       "    </tr>\n",
       "    <tr>\n",
       "      <th>74630</th>\n",
       "      <td>0.255531</td>\n",
       "      <td>0.371206</td>\n",
       "      <td>0.373263</td>\n",
       "      <td>6816731</td>\n",
       "    </tr>\n",
       "    <tr>\n",
       "      <th>74631</th>\n",
       "      <td>0.154137</td>\n",
       "      <td>0.492413</td>\n",
       "      <td>0.353449</td>\n",
       "      <td>6925764</td>\n",
       "    </tr>\n",
       "    <tr>\n",
       "      <th>74632</th>\n",
       "      <td>0.024447</td>\n",
       "      <td>0.812054</td>\n",
       "      <td>0.163499</td>\n",
       "      <td>7139280</td>\n",
       "    </tr>\n",
       "    <tr>\n",
       "      <th>74633</th>\n",
       "      <td>0.004058</td>\n",
       "      <td>0.895916</td>\n",
       "      <td>0.100026</td>\n",
       "      <td>6913068</td>\n",
       "    </tr>\n",
       "    <tr>\n",
       "      <th>74634</th>\n",
       "      <td>0.009968</td>\n",
       "      <td>0.904027</td>\n",
       "      <td>0.086005</td>\n",
       "      <td>6828445</td>\n",
       "    </tr>\n",
       "    <tr>\n",
       "      <th>74635</th>\n",
       "      <td>0.058004</td>\n",
       "      <td>0.730244</td>\n",
       "      <td>0.211752</td>\n",
       "      <td>6867865</td>\n",
       "    </tr>\n",
       "    <tr>\n",
       "      <th>74636</th>\n",
       "      <td>0.002241</td>\n",
       "      <td>0.954854</td>\n",
       "      <td>0.042905</td>\n",
       "      <td>6820397</td>\n",
       "    </tr>\n",
       "    <tr>\n",
       "      <th>74637</th>\n",
       "      <td>0.033070</td>\n",
       "      <td>0.825801</td>\n",
       "      <td>0.141129</td>\n",
       "      <td>6852197</td>\n",
       "    </tr>\n",
       "    <tr>\n",
       "      <th>74638</th>\n",
       "      <td>0.051040</td>\n",
       "      <td>0.582535</td>\n",
       "      <td>0.366425</td>\n",
       "      <td>7122934</td>\n",
       "    </tr>\n",
       "    <tr>\n",
       "      <th>74639</th>\n",
       "      <td>0.000134</td>\n",
       "      <td>0.983609</td>\n",
       "      <td>0.016257</td>\n",
       "      <td>6907838</td>\n",
       "    </tr>\n",
       "    <tr>\n",
       "      <th>74640</th>\n",
       "      <td>0.001458</td>\n",
       "      <td>0.973425</td>\n",
       "      <td>0.025117</td>\n",
       "      <td>6865896</td>\n",
       "    </tr>\n",
       "    <tr>\n",
       "      <th>74641</th>\n",
       "      <td>0.162864</td>\n",
       "      <td>0.462469</td>\n",
       "      <td>0.374666</td>\n",
       "      <td>6840250</td>\n",
       "    </tr>\n",
       "    <tr>\n",
       "      <th>74642</th>\n",
       "      <td>0.034670</td>\n",
       "      <td>0.768021</td>\n",
       "      <td>0.197308</td>\n",
       "      <td>6926011</td>\n",
       "    </tr>\n",
       "    <tr>\n",
       "      <th>74643</th>\n",
       "      <td>0.050019</td>\n",
       "      <td>0.789609</td>\n",
       "      <td>0.160372</td>\n",
       "      <td>6893100</td>\n",
       "    </tr>\n",
       "    <tr>\n",
       "      <th>74644</th>\n",
       "      <td>0.002130</td>\n",
       "      <td>0.937004</td>\n",
       "      <td>0.060865</td>\n",
       "      <td>6867538</td>\n",
       "    </tr>\n",
       "    <tr>\n",
       "      <th>74645</th>\n",
       "      <td>0.169134</td>\n",
       "      <td>0.472878</td>\n",
       "      <td>0.357989</td>\n",
       "      <td>6884360</td>\n",
       "    </tr>\n",
       "    <tr>\n",
       "      <th>74646</th>\n",
       "      <td>0.105425</td>\n",
       "      <td>0.687039</td>\n",
       "      <td>0.207536</td>\n",
       "      <td>6903964</td>\n",
       "    </tr>\n",
       "    <tr>\n",
       "      <th>74647</th>\n",
       "      <td>0.055917</td>\n",
       "      <td>0.759753</td>\n",
       "      <td>0.184330</td>\n",
       "      <td>6907851</td>\n",
       "    </tr>\n",
       "    <tr>\n",
       "      <th>74648</th>\n",
       "      <td>0.090768</td>\n",
       "      <td>0.540661</td>\n",
       "      <td>0.368570</td>\n",
       "      <td>7211166</td>\n",
       "    </tr>\n",
       "    <tr>\n",
       "      <th>74649</th>\n",
       "      <td>0.091766</td>\n",
       "      <td>0.651718</td>\n",
       "      <td>0.256516</td>\n",
       "      <td>6844290</td>\n",
       "    </tr>\n",
       "    <tr>\n",
       "      <th>74650</th>\n",
       "      <td>0.166535</td>\n",
       "      <td>0.359458</td>\n",
       "      <td>0.474007</td>\n",
       "      <td>6947597</td>\n",
       "    </tr>\n",
       "    <tr>\n",
       "      <th>74651</th>\n",
       "      <td>0.000354</td>\n",
       "      <td>0.328063</td>\n",
       "      <td>0.671584</td>\n",
       "      <td>6895423</td>\n",
       "    </tr>\n",
       "    <tr>\n",
       "      <th>74652</th>\n",
       "      <td>0.137195</td>\n",
       "      <td>0.676479</td>\n",
       "      <td>0.186327</td>\n",
       "      <td>6812077</td>\n",
       "    </tr>\n",
       "    <tr>\n",
       "      <th>74653</th>\n",
       "      <td>0.017186</td>\n",
       "      <td>0.893884</td>\n",
       "      <td>0.088930</td>\n",
       "      <td>6903956</td>\n",
       "    </tr>\n",
       "    <tr>\n",
       "      <th>74654</th>\n",
       "      <td>0.132754</td>\n",
       "      <td>0.434783</td>\n",
       "      <td>0.432464</td>\n",
       "      <td>6881005</td>\n",
       "    </tr>\n",
       "    <tr>\n",
       "      <th>74655</th>\n",
       "      <td>0.001393</td>\n",
       "      <td>0.972122</td>\n",
       "      <td>0.026485</td>\n",
       "      <td>6835379</td>\n",
       "    </tr>\n",
       "    <tr>\n",
       "      <th>74656</th>\n",
       "      <td>0.112446</td>\n",
       "      <td>0.658601</td>\n",
       "      <td>0.228953</td>\n",
       "      <td>6882352</td>\n",
       "    </tr>\n",
       "    <tr>\n",
       "      <th>74657</th>\n",
       "      <td>0.214513</td>\n",
       "      <td>0.365087</td>\n",
       "      <td>0.420401</td>\n",
       "      <td>6884758</td>\n",
       "    </tr>\n",
       "    <tr>\n",
       "      <th>74658</th>\n",
       "      <td>0.032421</td>\n",
       "      <td>0.740686</td>\n",
       "      <td>0.226893</td>\n",
       "      <td>6924212</td>\n",
       "    </tr>\n",
       "  </tbody>\n",
       "</table>\n",
       "<p>74659 rows × 4 columns</p>\n",
       "</div>"
      ],
      "text/plain": [
       "           high       low    medium  listing_id\n",
       "0      0.026961  0.676252  0.296787     7142618\n",
       "1      0.333310  0.320531  0.346159     7210040\n",
       "2      0.012076  0.862159  0.125766     7103890\n",
       "3      0.028167  0.795567  0.176267     7143442\n",
       "4      0.011822  0.908928  0.079250     6860601\n",
       "5      0.000600  0.972590  0.026811     6840081\n",
       "6      0.152640  0.570057  0.277303     6922337\n",
       "7      0.170513  0.424610  0.404877     6913616\n",
       "8      0.147630  0.443885  0.408485     6937820\n",
       "9      0.082166  0.675339  0.242495     6893933\n",
       "10     0.006843  0.962647  0.030510     6832604\n",
       "11     0.072051  0.705456  0.222493     6915282\n",
       "12     0.012235  0.877122  0.110643     7127565\n",
       "13     0.102691  0.656363  0.240946     6827899\n",
       "14     0.057036  0.552665  0.390298     6934855\n",
       "15     0.018227  0.791767  0.190005     6861826\n",
       "16     0.054048  0.675883  0.270070     6871643\n",
       "17     0.000907  0.970621  0.028472     6842542\n",
       "18     0.008802  0.929879  0.061319     6934145\n",
       "19     0.294756  0.325197  0.380047     6829365\n",
       "20     0.084878  0.665163  0.249959     7167858\n",
       "21     0.057026  0.706141  0.236834     6859483\n",
       "22     0.151970  0.540778  0.307252     6861377\n",
       "23     0.056097  0.716783  0.227120     6848960\n",
       "24     0.025359  0.756900  0.217741     6918850\n",
       "25     0.163842  0.492739  0.343419     6916867\n",
       "26     0.008984  0.842256  0.148760     6895840\n",
       "27     0.454306  0.235056  0.310638     6813539\n",
       "28     0.022778  0.810992  0.166230     7116900\n",
       "29     0.445164  0.275597  0.279239     6890328\n",
       "...         ...       ...       ...         ...\n",
       "74629  0.116858  0.395750  0.487392     6855560\n",
       "74630  0.255531  0.371206  0.373263     6816731\n",
       "74631  0.154137  0.492413  0.353449     6925764\n",
       "74632  0.024447  0.812054  0.163499     7139280\n",
       "74633  0.004058  0.895916  0.100026     6913068\n",
       "74634  0.009968  0.904027  0.086005     6828445\n",
       "74635  0.058004  0.730244  0.211752     6867865\n",
       "74636  0.002241  0.954854  0.042905     6820397\n",
       "74637  0.033070  0.825801  0.141129     6852197\n",
       "74638  0.051040  0.582535  0.366425     7122934\n",
       "74639  0.000134  0.983609  0.016257     6907838\n",
       "74640  0.001458  0.973425  0.025117     6865896\n",
       "74641  0.162864  0.462469  0.374666     6840250\n",
       "74642  0.034670  0.768021  0.197308     6926011\n",
       "74643  0.050019  0.789609  0.160372     6893100\n",
       "74644  0.002130  0.937004  0.060865     6867538\n",
       "74645  0.169134  0.472878  0.357989     6884360\n",
       "74646  0.105425  0.687039  0.207536     6903964\n",
       "74647  0.055917  0.759753  0.184330     6907851\n",
       "74648  0.090768  0.540661  0.368570     7211166\n",
       "74649  0.091766  0.651718  0.256516     6844290\n",
       "74650  0.166535  0.359458  0.474007     6947597\n",
       "74651  0.000354  0.328063  0.671584     6895423\n",
       "74652  0.137195  0.676479  0.186327     6812077\n",
       "74653  0.017186  0.893884  0.088930     6903956\n",
       "74654  0.132754  0.434783  0.432464     6881005\n",
       "74655  0.001393  0.972122  0.026485     6835379\n",
       "74656  0.112446  0.658601  0.228953     6882352\n",
       "74657  0.214513  0.365087  0.420401     6884758\n",
       "74658  0.032421  0.740686  0.226893     6924212\n",
       "\n",
       "[74659 rows x 4 columns]"
      ]
     },
     "execution_count": 12,
     "metadata": {},
     "output_type": "execute_result"
    }
   ],
   "source": [
    "result_frame = pd.DataFrame(test_predict)\n",
    "result_frame.columns = le.classes_\n",
    "result_frame['listing_id'] = test.listing_id.reset_index().listing_id\n",
    "result_frame"
   ]
  },
  {
   "cell_type": "code",
   "execution_count": 14,
   "metadata": {
    "collapsed": true
   },
   "outputs": [],
   "source": [
    "# Not submitted\n",
    "result_frame[['listing_id','high','medium','low']].to_csv('XGB-result.csv', \\\n",
    "                                                          index = False)"
   ]
  },
  {
   "cell_type": "markdown",
   "metadata": {},
   "source": [
    "0.66043"
   ]
  }
 ],
 "metadata": {
  "kernelspec": {
   "display_name": "Python [Root]",
   "language": "python",
   "name": "Python [Root]"
  },
  "language_info": {
   "codemirror_mode": {
    "name": "ipython",
    "version": 3
   },
   "file_extension": ".py",
   "mimetype": "text/x-python",
   "name": "python",
   "nbconvert_exporter": "python",
   "pygments_lexer": "ipython3",
   "version": "3.5.2"
  }
 },
 "nbformat": 4,
 "nbformat_minor": 0
}
